1 4203 1
2 4203 0.20
1 4305 1
2 4306 0.20
1 4408 1
2 4409 0.20
1 4510 1
2 4511 0.20
1 4613 1
2 4614 0.20
1 4715 1
2 4716 0.20
1 4818 1
2 4818 0.20
1 4921 0
2 4922 0.20
1 5023 0
2 5024 0.20
1 5126 0
2 5127 0.20
1 5228 0
2 5229 0.20
1 5331 0
2 5331 0.20
1 5434 0
2 5435 3.00
1 5536 0
2 5537 8.80
1 5639 0
2 5640 10.00
1 5741 0
2 5742 6.00
1 5844 0
2 5844 0.00
1 5947 0
2 5948 3.20
1 6049 0
2 6050 6.40
1 6152 0
2 6153 8.80
1 6254 0
2 6255 8.80
1 6358 0
2 6358 8.80
1 6460 1
2 6461 8.80
1 6562 1
2 6563 8.80
1 6665 1
2 6666 8.80
1 6767 0
2 6768 8.80
1 6870 1
2 6871 8.80
1 6973 1
2 6974 8.80
1 7075 0
2 7076 8.80
1 7178 1
2 7179 8.80
1 7280 1
2 7281 8.80
1 7383 1
2 7384 8.60
1 7486 1
2 7486 3.00
1 7588 1
2 7589 1.00
1 7691 1
2 7692 9.00
1 7793 1
2 7794 7.60
1 7896 1
2 7897 1.60
1 7999 1
2 7999 0.00
1 8101 1
2 8102 0.00
1 8204 1
2 8205 0.00
1 8306 1
2 8307 0.00
1 8409 1
2 8410 0.00
1 8511 1
2 8512 0.00